S5 
      Frequency Percent
1          1016     100
Total      1016     100


Q1 
      Frequency   Percent Valid Percent
1       51.6371   5.08239        5.0873
2       21.4540   2.11161        2.1136
3       40.5654   3.99266        3.9965
4      217.6809  21.42529       21.4458
5      120.4156  11.85193       11.8633
6       14.9434   1.47081        1.4722
7        3.9376   0.38756        0.3879
8       42.7315   4.20585        4.2099
9      164.8829  16.22863       16.2442
10      67.6307   6.65656        6.6629
11      13.2772   1.30681        1.3081
12      13.3462   1.31360        1.3149
13      10.9480   1.07756        1.0786
14      15.3627   1.51207        1.5135
15      15.3320   1.50906        1.5105
16      10.4307   1.02665        1.0276
101      1.7407   0.17133        0.1715
8885    12.0744   1.18843        1.1896
8886    26.1275   2.57161        2.5741
8888   150.5104  14.81402       14.8282
NA's     0.9711   0.09559              
Total 1016.0000 100.00000      100.0000


Q1_others 
                         Frequency   Percent Valid Percent
                         1014.2593  99.82867      99.82867
<U+5468><U+6D69><U+9F0E>    0.9518   0.09368       0.09368
Lee Chun Keung              0.7889   0.07765       0.07765
Total                    1016.0000 100.00000     100.00000


Q1 
      Frequency   Percent Valid Percent
1       51.6371   5.08239        6.2491
2       21.4540   2.11161        2.5963
3       40.5654   3.99266        4.9092
4      217.6809  21.42529       26.3435
5      120.4156  11.85193       14.5726
6       14.9434   1.47081        1.8084
7        3.9376   0.38756        0.4765
8       42.7315   4.20585        5.1713
9      164.8829  16.22863       19.9540
10      67.6307   6.65656        8.1846
11      13.2772   1.30681        1.6068
12      13.3462   1.31360        1.6151
13      10.9480   1.07756        1.3249
14      15.3627   1.51207        1.8592
15      15.3320   1.50906        1.8555
16      10.4307   1.02665        1.2623
101      1.7407   0.17133        0.2107
8885    12.0744   1.18843              
8886    26.1275   2.57161              
8888   150.5104  14.81402              
NA's     0.9711   0.09559              
Total 1016.0000 100.00000      100.0000


sex 
      Frequency Percent
1         490.5   48.28
2         525.5   51.72
Total    1016.0  100.00


agegp 
      Frequency Percent
1         121.9   12.00
2         133.8   13.17
3         174.1   17.13
4         235.4   23.17
5         187.3   18.44
6         163.6   16.10
Total    1016.0  100.00


edugp 
      Frequency  Percent Valid Percent
1       125.692  12.3712         12.41
2       395.429  38.9202         39.03
3       491.994  48.4246         48.56
NA's      2.885   0.2839              
Total  1016.000 100.0000        100.00


inclin 
      Frequency  Percent Valid Percent
1       350.776  34.5252        34.786
2       123.500  12.1555        12.247
3       319.696  31.4662        31.704
8886    171.428  16.8728        17.000
8887     11.118   1.0943         1.103
8888     31.867   3.1365         3.160
NA's      7.615   0.7495              
Total  1016.000 100.0000       100.000


occgp 
      Frequency Percent Valid Percent
1        317.77  31.277        31.614
2        153.64  15.122        15.285
3         43.39   4.271         4.317
4         56.03   5.515         5.574
5        102.53  10.091        10.200
6        331.80  32.658        33.010
NA's      10.83   1.066              
Total   1016.00 100.000       100.000


income 
      Frequency Percent Valid Percent
1        262.56  25.843        28.399
2        123.48  12.154        13.356
3         82.96   8.165         8.973
4         78.46   7.722         8.486
5        179.21  17.639        19.384
6        180.86  17.802        19.563
8886      16.99   1.673         1.838
NA's      91.46   9.002              
Total   1016.00 100.000       100.000


