S5 
      Frequency Percent
2           806     100
Total       806     100


Q2 
      Frequency  Percent
1       109.256  13.5553
2        30.034   3.7263
3        97.393  12.0835
4         2.771   0.3437
5         1.714   0.2126
6        84.684  10.5068
7       120.633  14.9669
8        32.954   4.0885
9         6.489   0.8051
10       10.994   1.3640
11       44.252   5.4903
12       66.701   8.2756
101       1.135   0.1408
8885     11.796   1.4635
8886     31.093   3.8577
8888    154.102  19.1193
Total   806.000 100.0000


Q2_others 
                         Frequency  Percent Valid Percent
                           804.865  99.8592       99.8592
<U+6881><U+6587><U+5EE3>     1.135   0.1408        0.1408
Total                      806.000 100.0000      100.0000


Q2 
      Frequency  Percent Valid Percent
1       109.256  13.5553       17.9399
2        30.034   3.7263        4.9316
3        97.393  12.0835       15.9920
4         2.771   0.3437        0.4549
5         1.714   0.2126        0.2814
6        84.684  10.5068       13.9053
7       120.633  14.9669       19.8081
8        32.954   4.0885        5.4110
9         6.489   0.8051        1.0656
10       10.994   1.3640        1.8052
11       44.252   5.4903        7.2662
12       66.701   8.2756       10.9524
101       1.135   0.1408        0.1864
8885     11.796   1.4635              
8886     31.093   3.8577              
8888    154.102  19.1193              
Total   806.000 100.0000      100.0000


sex 
      Frequency Percent
1         394.6   48.96
2         411.4   51.04
Total     806.0  100.00


agegp 
      Frequency Percent
1         105.1   13.05
2         110.4   13.70
3         140.3   17.40
4         169.2   20.99
5         139.5   17.31
6         141.5   17.56
Total     806.0  100.00


edugp 
      Frequency  Percent Valid Percent
1        96.865  12.0180         12.10
2       333.674  41.3987         41.69
3       369.759  45.8758         46.20
NA's      5.702   0.7074              
Total   806.000 100.0000        100.00


inclin 
      Frequency  Percent Valid Percent
1       280.646  34.8196        35.159
2       104.537  12.9699        13.096
3       239.662  29.7347        30.025
8886    138.639  17.2008        17.369
8887      8.816   1.0938         1.105
8888     25.915   3.2152         3.247
NA's      7.785   0.9659              
Total   806.000 100.0000       100.000


occgp 
      Frequency Percent Valid Percent
1        233.93  29.023        29.456
2        136.66  16.955        17.208
3         41.70   5.174         5.251
4         49.06   6.087         6.178
5         91.56  11.360        11.529
6        241.26  29.933        30.379
NA's      11.83   1.468              
Total    806.00 100.000       100.000


income 
      Frequency Percent Valid Percent
1        198.48  24.625        26.738
2        139.59  17.319        18.805
3         79.58   9.873        10.721
4         45.24   5.612         6.094
5        143.18  17.764        19.289
6        117.74  14.608        15.862
8886      18.49   2.294         2.491
NA's      63.70   7.903              
Total    806.00 100.000       100.000


