S5 
      Frequency Percent
4          1217     100
Total      1217     100


Q4 
      Frequency  Percent
1        64.394   5.2912
2        56.120   4.6113
3        72.456   5.9537
4       169.825  13.9544
5         1.944   0.1598
6        18.419   1.5134
7        31.458   2.5848
8        17.868   1.4682
9        38.283   3.1457
10       92.527   7.6029
11       87.991   7.2302
12       53.938   4.4320
13       10.719   0.8808
14       27.563   2.2648
15       56.236   4.6209
16       20.166   1.6570
17       47.844   3.9313
18       29.646   2.4360
19       10.648   0.8750
20       34.590   2.8422
8885     26.743   2.1975
8886     35.595   2.9248
8888    212.027  17.4221
Total  1217.000 100.0000


Q4_others 
      Frequency Percent Valid Percent
           1217     100           100
Total      1217     100           100


Q4 
      Frequency  Percent Valid Percent
1        64.394   5.2912        6.8313
2        56.120   4.6113        5.9535
3        72.456   5.9537        7.6866
4       169.825  13.9544       18.0160
5         1.944   0.1598        0.2063
6        18.419   1.5134        1.9539
7        31.458   2.5848        3.3372
8        17.868   1.4682        1.8955
9        38.283   3.1457        4.0613
10       92.527   7.6029        9.8158
11       87.991   7.2302        9.3346
12       53.938   4.4320        5.7220
13       10.719   0.8808        1.1372
14       27.563   2.2648        2.9240
15       56.236   4.6209        5.9659
16       20.166   1.6570        2.1393
17       47.844   3.9313        5.0756
18       29.646   2.4360        3.1450
19       10.648   0.8750        1.1296
20       34.590   2.8422        3.6695
8885     26.743   2.1975              
8886     35.595   2.9248              
8888    212.027  17.4221              
Total  1217.000 100.0000      100.0000


sex 
      Frequency Percent
1         607.9   49.95
2         609.1   50.05
Total    1217.0  100.00


agegp 
      Frequency Percent
1         200.2   16.45
2         179.4   14.74
3         208.3   17.12
4         291.3   23.94
5         197.7   16.24
6         140.1   11.51
Total    1217.0  100.00


edugp 
      Frequency Percent Valid Percent
1        151.14  12.419         12.45
2        602.37  49.496         49.63
3        460.24  37.818         37.92
NA's       3.25   0.267              
Total   1217.00 100.000        100.00


inclin 
      Frequency  Percent Valid Percent
1       392.890  32.2835        32.413
2       159.111  13.0741        13.127
3       388.582  31.9295        32.058
8886    198.004  16.2698        16.335
8887     27.265   2.2403         2.249
8888     46.276   3.8025         3.818
NA's      4.873   0.4004              
Total  1217.000 100.0000       100.000


occgp 
      Frequency Percent Valid Percent
1        325.00  26.705        27.012
2        233.96  19.224        19.445
3        104.13   8.556         8.655
4         85.28   7.008         7.088
5        146.30  12.021        12.159
6        308.51  25.350        25.641
NA's      13.82   1.136              
Total   1217.00 100.000       100.000


income 
      Frequency Percent Valid Percent
1        282.56  23.217        24.959
2        192.96  15.855        17.045
3        150.48  12.365        13.292
4        103.18   8.478         9.114
5        258.91  21.274        22.870
6        122.02  10.026        10.778
8886      21.99   1.807         1.943
NA's      84.91   6.977              
Total   1217.00 100.000       100.000


