S5 
      Frequency Percent
5          1200     100
Total      1200     100


Q5 
      Frequency   Percent
1        77.710   6.47583
2        95.572   7.96437
3        30.857   2.57144
4        24.098   2.00818
6       100.406   8.36717
7        74.424   6.20199
8         4.352   0.36265
9         1.098   0.09146
10       37.326   3.11050
11      208.224  17.35200
12       47.018   3.91815
13       76.501   6.37512
14       43.929   3.66075
15       29.471   2.45596
16       99.409   8.28405
17       14.567   1.21390
8885     14.364   1.19700
8886     34.599   2.88326
8888    186.075  15.50621
Total  1200.000 100.00000


Q5_others 
      Frequency Percent Valid Percent
           1200     100           100
Total      1200     100           100


Q5 
      Frequency   Percent Valid Percent
1        77.710   6.47583        8.0532
2        95.572   7.96437        9.9043
3        30.857   2.57144        3.1978
4        24.098   2.00818        2.4973
6       100.406   8.36717       10.4052
7        74.424   6.20199        7.7126
8         4.352   0.36265        0.4510
9         1.098   0.09146        0.1137
10       37.326   3.11050        3.8681
11      208.224  17.35200       21.5785
12       47.018   3.91815        4.8725
13       76.501   6.37512        7.9279
14       43.929   3.66075        4.5524
15       29.471   2.45596        3.0542
16       99.409   8.28405       10.3018
17       14.567   1.21390        1.5096
8885     14.364   1.19700              
8886     34.599   2.88326              
8888    186.075  15.50621              
Total  1200.000 100.00000      100.0000


sex 
      Frequency Percent
1         591.5   49.29
2         608.5   50.71
Total    1200.0  100.00


agegp 
      Frequency Percent
1         204.8   17.07
2         178.6   14.88
3         196.5   16.38
4         301.5   25.12
5         193.6   16.13
6         125.0   10.42
Total    1200.0  100.00


edugp 
      Frequency  Percent Valid Percent
1       141.210  11.7675         11.83
2       511.991  42.6659         42.91
3       539.986  44.9988         45.26
NA's      6.814   0.5678              
Total  1200.000 100.0000        100.00


inclin 
      Frequency  Percent Valid Percent
1        467.88  38.9899        39.342
2        160.31  13.3589        13.480
3        323.87  26.9892        27.233
8886     177.69  14.8076        14.941
8887      28.08   2.3396         2.361
8888      31.43   2.6193         2.643
NA's      10.75   0.8954              
Total   1200.00 100.0000       100.000


occgp 
      Frequency Percent Valid Percent
1        355.61  29.634        30.199
2        191.33  15.944        16.248
3         84.76   7.064         7.198
4         92.49   7.707         7.854
5        168.31  14.026        14.293
6        285.08  23.757        24.209
NA's      22.42   1.868              
Total   1200.00 100.000       100.000


income 
      Frequency Percent Valid Percent
1        301.07  25.089        27.150
2        169.34  14.112        15.271
3        117.06   9.755        10.556
4         98.35   8.195         8.869
5        235.89  19.658        21.273
6        159.06  13.255        14.344
8886      28.12   2.344         2.536
NA's      91.10   7.592              
Total   1200.00 100.000       100.000


