S5 
      Frequency Percent
3           845     100
Total       845     100


Q3 
      Frequency  Percent Valid Percent
1       105.564  12.4928       12.5240
2        85.255  10.0893       10.1145
3        84.672  10.0204       10.0453
5       105.218  12.4518       12.4828
6       155.404  18.3910       18.4368
7         5.594   0.6620        0.6637
8        22.762   2.6938        2.7005
9        19.339   2.2886        2.2943
10       13.407   1.5867        1.5906
11       27.981   3.3114        3.3197
101       1.940   0.2296        0.2302
8885     19.828   2.3465        2.3523
8886     41.089   4.8626        4.8747
8888    154.846  18.3249       18.3706
NA's      2.101   0.2486              
Total   845.000 100.0000      100.0000


Q3_others 
                                                 Frequency  Percent
                                                    843.06  99.7704
<U+81EA><U+7531><U+9EE8><U+65E2><U+540D><U+55AE>      1.94   0.2296
Total                                               845.00 100.0000
                                                 Valid Percent
                                                       99.7704
<U+81EA><U+7531><U+9EE8><U+65E2><U+540D><U+55AE>        0.2296
Total                                                 100.0000


Q3 
      Frequency  Percent Valid Percent
1       105.564  12.4928       16.8328
2        85.255  10.0893       13.5943
3        84.672  10.0204       13.5014
5       105.218  12.4518       16.7774
6       155.404  18.3910       24.7799
7         5.594   0.6620        0.8920
8        22.762   2.6938        3.6296
9        19.339   2.2886        3.0837
10       13.407   1.5867        2.1379
11       27.981   3.3114        4.4618
101       1.940   0.2296        0.3094
8885     19.828   2.3465              
8886     41.089   4.8626              
8888    154.846  18.3249              
NA's      2.101   0.2486              
Total   845.000 100.0000      100.0000


sex 
      Frequency Percent
1         410.4   48.57
2         434.6   51.43
Total     845.0  100.00


agegp 
      Frequency Percent
1         122.4   14.49
2         104.3   12.35
3         136.7   16.18
4         186.0   22.02
5         138.9   16.43
6         156.6   18.54
Total     845.0  100.00


edugp 
      Frequency  Percent Valid Percent
1       146.552  17.3434         17.43
2       380.948  45.0826         45.30
3       313.428  37.0921         37.27
NA's      4.072   0.4819              
Total   845.000 100.0000        100.00


inclin 
      Frequency  Percent Valid Percent
1        260.32  30.8067        31.060
2        103.88  12.2935        12.395
3        270.93  32.0630        32.327
8886     156.83  18.5601        18.713
8887      12.12   1.4345         1.446
8888      34.02   4.0256         4.059
NA's       6.90   0.8166              
Total    845.00 100.0000       100.000


occgp 
      Frequency Percent Valid Percent
1        203.85  24.124        24.494
2        131.21  15.528        15.766
3         83.77   9.913        10.065
4         56.69   6.709         6.812
5        102.47  12.127        12.313
6        254.25  30.088        30.550
NA's      12.76   1.511              
Total    845.00 100.000       100.000


income 
      Frequency Percent Valid Percent
1        223.59  26.461        28.309
2        172.71  20.439        21.866
3         85.58  10.128        10.836
4         57.22   6.771         7.244
5        162.04  19.176        20.516
6         71.70   8.485         9.078
8886      17.00   2.011         2.152
NA's      55.16   6.528              
Total    845.00 100.000       100.000


